Reactant analysis summary
========================================================================
Source:    /root/workspace/nova-4090/data/rxn2.csv
Molecules: 2368
Detail:    /root/workspace/nova-4090/data/rxn2_reactant_analysis.csv

------------------------------------------------------------------------
Position 1  (740 unique reactants)
------------------------------------------------------------------------
   reactant_id   count       avg_score       max_score
        125845     723    0.0872597581    0.1513129933
        110360      93    0.0828964924    0.1257389122
        138879      74    0.0414687959    0.0990731191
        139209      24    0.0947901838    0.1225712862
         91717      21    0.1037526552    0.1214299431
        123442      20    0.0671246671    0.1275592516
        147486      20    0.0493637361    0.1059827089
        101450      19    0.1093329999    0.1452464834
        105957      18    0.0844713230    0.1286722571
        111568      17    0.1065786973    0.1308897092
         66358      14    0.0689891286    0.1197196603
         83428      14    0.0940989041    0.1161923138
         73951      14    0.0500039489    0.1073409319
         74912      13    0.0643678463    0.1302204293
        124995      13    0.0961219420    0.1126514912
        127741      12    0.0848722421    0.1355703152
        119796      12    0.1106395130    0.1264858996
        114213      11    0.0984698801    0.1187851486
        117969      11    0.0926509304    0.1085079270
        131907      10    0.0722806989    0.1231952054
        153842      10    0.0413733981    0.0775853992
         92749       9    0.0896938026    0.1266195595
        166916       9    0.1007898083    0.1190906297
        141847       9    0.0611097968    0.1181999266
         78032       8    0.0908959451    0.1357538392
         94862       8    0.1125736980    0.1335733753
        114027       8    0.1120087997    0.1274938434
        121445       8    0.1031885606    0.1234205891
        117485       8    0.0985493904    0.1214303308
        157019       8    0.1111049420    0.1209478331
         77440       8    0.0973940067    0.1206944625
         74902       8    0.1030653171    0.1182874024
         81212       8    0.0775332224    0.1181999266
         97900       8    0.0938926147    0.1125843724
        128153       8    0.0875086553    0.1089961588
        124792       7    0.0783284130    0.1363978982
         72207       7    0.1093938842    0.1237932074
        141003       7    0.0921677849    0.1185003549
        114506       7    0.1039043960    0.1183428594
        136201       6    0.1169460990    0.1226678741
        149099       6    0.1123841375    0.1217960016
        108529       6    0.0959716468    0.1162098267
        139810       6    0.1041678446    0.1137168705
         80594       6    0.0938906761    0.1082793760
        100640       5    0.1232677967    0.1438661595
        121375       5    0.1080425365    0.1265453850
        124693       5    0.0930529742    0.1255548120
        152489       5    0.1167799062    0.1206944625
        129548       5    0.1108597611    0.1195421124
         98729       5    0.1017765916    0.1122437745
         66651       5    0.0912353632    0.1088621731
         79461       5    0.0885950353    0.1035451804
         74393       4    0.0920572263    0.1363978982
        127026       4    0.1188970784    0.1315984373
        132971       4    0.1160466716    0.1315984373
        109480       4    0.1057513873    0.1305305004
        108887       4    0.1042182149    0.1296582385
        141167       4    0.1186801604    0.1294454762
        133597       4    0.1106949218    0.1283306060
        103946       4    0.1118962505    0.1283033159
         86741       4    0.0996174321    0.1255498946
         79679       4    0.1096346894    0.1253526343
         82050       4    0.1094285783    0.1244583052
         77632       4    0.0910110517    0.1234894753
        160338       4    0.1099684979    0.1233860254
        159695       4    0.1113162347    0.1202420226
        114358       4    0.1134617529    0.1199433527
        122468       4    0.1101276093    0.1177521101
        114385       4    0.1043354312    0.1170299101
         68496       4    0.1043355395    0.1165854314
         76452       4    0.1014853782    0.1163131279
        122648       4    0.0988958027    0.1152747436
        125751       4    0.0924949616    0.1146048584
         81711       4    0.0843327241    0.1140641747
         80613       4    0.1009601029    0.1137076517
         92434       4    0.0790223475    0.1103306879
        120516       4    0.1001711811    0.1084597778
         66299       3    0.1083283334    0.1444980961
         76322       3    0.1003446472    0.1354239708
         77923       3    0.1193598007    0.1335098743
        109670       3    0.0953299058    0.1300745183
        135306       3    0.1119225547    0.1298593303
        109218       3    0.1226024819    0.1296531455
         77717       3    0.1148419429    0.1284283423
         83258       3    0.0863454327    0.1282099157
        104668       3    0.1094177466    0.1265453850
         81847       3    0.1102221189    0.1265453850
         86846       3    0.1159480950    0.1263705736
        131133       3    0.1114048565    0.1260595103
         84783       3    0.1111499032    0.1254876631
        136508       3    0.1172284394    0.1248910634
         90514       3    0.1153117164    0.1242914376
        130401       3    0.1136468112    0.1227151971
         88491       3    0.0967692442    0.1221217423
         86912       3    0.1066038783    0.1213966716
         93644       3    0.0933266347    0.1200128645
        103556       3    0.1032706381    0.1197803446
        160183       3    0.1058095314    0.1190856922
        127175       3    0.0972905006    0.1184171367
         89509       3    0.0993951962    0.1170838042
         91909       3    0.1084341786    0.1170002796
        114914       3    0.1132854957    0.1164616759
        107651       3    0.1149385991    0.1159540287
         67607       3    0.1110144712    0.1153720573
         75719       3    0.0982114408    0.1151378176
         71886       3    0.1065204672    0.1146759391
         79964       3    0.1105020808    0.1144601151
         91186       3    0.0720983816    0.1141859485
        110478       3    0.0610112795    0.1141167680
         86297       3    0.1063760474    0.1140960519
        153702       3    0.1123482050    0.1139663738
        159507       3    0.0922072369    0.1139663738
        135704       3    0.1085137891    0.1138039346
        114301       3    0.1049510053    0.1136260216
        118607       3    0.0942181309    0.1134192142
         71158       3    0.1046127117    0.1132535453
        141242       3    0.1090326026    0.1124526439
        131733       3    0.1047124476    0.1122592390
        120537       3    0.0774875278    0.1115106429
         83460       3    0.0845574409    0.1114319831
         97543       3    0.0991729739    0.1111720860
        109269       3    0.0866359995    0.1109885684
        151946       3    0.0964618089    0.1094956857
         68809       3    0.0761555878    0.1094093892
        119048       3    0.1052908208    0.1089115709
        120188       3    0.1072784840    0.1084732349
        132451       3    0.1024313437    0.1061019259
         79979       3    0.1013186475    0.1055055169
        109607       3    0.1018080855    0.1049782758
         88982       3    0.0908113498    0.1033892234
         78534       3    0.0798129641    0.1029022866
         81723       3    0.0854927532    0.1024852960
        148561       3    0.0854391192    0.0990282565
        140681       3    0.0882692169    0.0903019501
        139097       3    0.0431400822    0.0753582252
        120324       2    0.1262924314    0.1377917911
        111934       2    0.0880617567    0.1335733753
        156787       2    0.1275443592    0.1333472356
         76367       2    0.1223628361    0.1298546383
        121718       2    0.1258062619    0.1295515259
        132071       2    0.1095160154    0.1284283423
         88299       2    0.1052868720    0.1279417958
         97024       2    0.1160737454    0.1275592516
        109584       2    0.1176609591    0.1275311523
         78692       2    0.1155272152    0.1265453850
         86459       2    0.1001698042    0.1257730722
        135604       2    0.1205328120    0.1255405087
        123585       2    0.1233428401    0.1253526343
         73754       2    0.1180949061    0.1248910634
        122024       2    0.1042493797    0.1240372492
        143980       2    0.1178155273    0.1235317758
        118679       2    0.1216979746    0.1234421977
        129325       2    0.1206928992    0.1230719090
        100817       2    0.1187069948    0.1227680147
        131011       2    0.1215783814    0.1227377057
        119849       2    0.1093711518    0.1225790713
         70932       2    0.1064099801    0.1225586660
        113279       2    0.1180342814    0.1220609979
         74284       2    0.1122891540    0.1215096753
        160110       2    0.1207582850    0.1211423344
        116622       2    0.1119705252    0.1207371095
         97686       2    0.1174630617    0.1206004705
         98724       2    0.1186303519    0.1203733771
        101551       2    0.1172603824    0.1201951119
        142150       2    0.1138999899    0.1198548611
         85993       2    0.1147068158    0.1197302267
        135191       2    0.1166636042    0.1195594101
         94509       2    0.1168248292    0.1195594101
        135890       2    0.1156622657    0.1192700068
         87228       2    0.1185565441    0.1192643067
        126247       2    0.1186312237    0.1190270640
         78725       2    0.1098198857    0.1183428594
        128849       2    0.1094014198    0.1182526052
         74510       2    0.1164591675    0.1180715669
         66976       2    0.1078022877    0.1175546094
        130120       2    0.1130272331    0.1175470427
        169659       2    0.0939354699    0.1175452888
        139058       2    0.0857563662    0.1167216812
         74753       2    0.0968533502    0.1167097864
         66959       2    0.1009486468    0.1156078832
        102503       2    0.1104027913    0.1155479352
        102393       2    0.1134589280    0.1155229142
        112446       2    0.1137186443    0.1154404499
         96059       2    0.1118626012    0.1152245769
         96388       2    0.1112762874    0.1149741588
        104820       2    0.1133363889    0.1146759391
         95645       2    0.1071727620    0.1141707727
        135650       2    0.1104637083    0.1140960519
         85056       2    0.1021401940    0.1140641747
        102834       2    0.1124967555    0.1138550118
        130788       2    0.1054119402    0.1133107435
        130370       2    0.1038581419    0.1130227709
        116442       2    0.1083585852    0.1130188062
        141695       2    0.1095209557    0.1130188062
        121911       2    0.1072680285    0.1126052769
        126058       2    0.1029852255    0.1125024378
         81600       2    0.1076038705    0.1123114143
        110853       2    0.1089688418    0.1120232468
        133289       2    0.1065333865    0.1117624981
         76089       2    0.1087826606    0.1117624981
         96205       2    0.1108602965    0.1117595976
        124590       2    0.1097218713    0.1116673637
        163732       2    0.1102091458    0.1116673637
         73201       2    0.1094880828    0.1116518356
         71906       2    0.1097415766    0.1115558456
        134195       2    0.1114207767    0.1115207231
        134356       2    0.1097449984    0.1107374934
        113389       2    0.1076326396    0.1105045557
        115135       2    0.1099868140    0.1103649203
        108829       2    0.1070586251    0.1103416063
         88821       2    0.1092070811    0.1103416063
        137058       2    0.1078737531    0.1100144756
        146532       2    0.1031382676    0.1093746667
         95897       2    0.1090411703    0.1091367236
         69443       2    0.1082249505    0.1086958933
        105036       2    0.0928101372    0.1086264023
         92660       2    0.0755615360    0.1085865012
        124587       2    0.0742888734    0.1083621870
        168426       2    0.1077829461    0.1083520289
         70533       2    0.1013424729    0.1080725560
         80018       2    0.1073164443    0.1077907659
        134717       2    0.1054427190    0.1075784160
        114054       2    0.1056493032    0.1073411036
        108169       2    0.0907678069    0.1069690778
        131700       2    0.1050193917    0.1067760931
         97465       2    0.1016971896    0.1067760931
         79392       2    0.0978508038    0.1065618396
        123543       2    0.1017622911    0.1063419869
        120772       2    0.1053481682    0.1060933028
        108728       2    0.1040219183    0.1053575277
         83604       2    0.1017805300    0.1052652351
        138447       2    0.0999097336    0.1050636172
         82936       2    0.0951420131    0.1048880401
        136044       2    0.0827973725    0.1041998267
        131711       2    0.0953266938    0.1024709177
        104149       2    0.0909818650    0.1023863965
         97011       2    0.1007910401    0.1008124530
         92382       2    0.0823095074    0.0998460513
         87377       2    0.0763272669    0.0987420586
        117571       2    0.0754159038    0.0975307589
         79455       2    0.0902562979    0.0961665452
        114428       2    0.0895499246    0.0955480909
        126101       2    0.0770124122    0.0939360009
        139172       2    0.0819085120    0.0938557557
        110097       2    0.0777474861    0.0915035367
         98469       2    0.0856288392    0.0914851250
         76515       2    0.0454941787    0.0751811296
        134303       2    0.0668479039    0.0678052968
        139216       1    0.1434826930    0.1434826930
        125217       1    0.1363614736    0.1363614736
         75520       1    0.1356130405    0.1356130405
        123282       1    0.1344467572    0.1344467572
        113313       1    0.1340952005    0.1340952005
         74308       1    0.1302204293    0.1302204293
        109278       1    0.1297060436    0.1297060436
         79586       1    0.1293901417    0.1293901417
        149062       1    0.1283033159    0.1283033159
        163066       1    0.1283033159    0.1283033159
         93099       1    0.1278311610    0.1278311610
         76701       1    0.1275592516    0.1275592516
         88954       1    0.1274938434    0.1274938434
        110342       1    0.1267494991    0.1267494991
         88304       1    0.1267384641    0.1267384641
        132111       1    0.1265535005    0.1265535005
        135710       1    0.1265440239    0.1265440239
        106387       1    0.1259285464    0.1259285464
         93935       1    0.1259285464    0.1259285464
        146579       1    0.1258827885    0.1258827885
        163191       1    0.1258827885    0.1258827885
         94683       1    0.1255405087    0.1255405087
        151312       1    0.1252979338    0.1252979338
         86583       1    0.1245538259    0.1245538259
        110900       1    0.1244798750    0.1244798750
        141756       1    0.1244583052    0.1244583052
        119650       1    0.1242709275    0.1242709275
        135398       1    0.1240944555    0.1240944555
        110107       1    0.1240028311    0.1240028311
        101213       1    0.1237032371    0.1237032371
        103632       1    0.1237032371    0.1237032371
        122532       1    0.1235317758    0.1235317758
        146862       1    0.1230505045    0.1230505045
        165563       1    0.1229422688    0.1229422688
        137297       1    0.1227377057    0.1227377057
        129727       1    0.1226678741    0.1226678741
         83985       1    0.1225790713    0.1225790713
        101141       1    0.1225712862    0.1225712862
        127558       1    0.1225586660    0.1225586660
        100745       1    0.1224631305    0.1224631305
        118359       1    0.1224631305    0.1224631305
         68373       1    0.1222713464    0.1222713464
        123961       1    0.1217153558    0.1217153558
        141024       1    0.1217153558    0.1217153558
        120442       1    0.1214299431    0.1214299431
         90583       1    0.1213330460    0.1213330460
        120180       1    0.1210252992    0.1210252992
        109367       1    0.1209329321    0.1209329321
        100845       1    0.1205030107    0.1205030107
        161621       1    0.1204685370    0.1204685370
        133978       1    0.1204190571    0.1204190571
        105333       1    0.1203733771    0.1203733771
        136710       1    0.1201780800    0.1201780800
         69824       1    0.1201188181    0.1201188181
        105926       1    0.1200128645    0.1200128645
         86568       1    0.1199433527    0.1199433527
        118855       1    0.1199034384    0.1199034384
         89376       1    0.1197951493    0.1197951493
         70157       1    0.1194929853    0.1194929853
         81768       1    0.1194610949    0.1194610949
        103729       1    0.1194592374    0.1194592374
        131316       1    0.1194592374    0.1194592374
        119524       1    0.1194502413    0.1194502413
        100933       1    0.1193337728    0.1193337728
        136066       1    0.1193337728    0.1193337728
        119259       1    0.1192700068    0.1192700068
        141268       1    0.1192700068    0.1192700068
         81870       1    0.1192700068    0.1192700068
        123786       1    0.1191348290    0.1191348290
         80952       1    0.1191131230    0.1191131230
        119861       1    0.1190366785    0.1190366785
        103288       1    0.1187041754    0.1187041754
        100972       1    0.1184110045    0.1184110045
         74238       1    0.1183454760    0.1183454760
        103919       1    0.1182396051    0.1182396051
        107171       1    0.1182390360    0.1182390360
        116445       1    0.1182390360    0.1182390360
         86108       1    0.1181628363    0.1181628363
        134109       1    0.1180770833    0.1180770833
        161447       1    0.1179367944    0.1179367944
        115443       1    0.1179301562    0.1179301562
        124200       1    0.1178487816    0.1178487816
         95129       1    0.1178487816    0.1178487816
        129331       1    0.1176616385    0.1176616385
         78634       1    0.1176616385    0.1176616385
        129306       1    0.1174149896    0.1174149896
        110156       1    0.1173948092    0.1173948092
        113164       1    0.1173271927    0.1173271927
         76095       1    0.1171037246    0.1171037246
         68601       1    0.1169926149    0.1169926149
         93729       1    0.1169312839    0.1169312839
        104244       1    0.1168873268    0.1168873268
        137282       1    0.1168566744    0.1168566744
        105689       1    0.1167358438    0.1167358438
        118300       1    0.1167358438    0.1167358438
        126683       1    0.1166135227    0.1166135227
        157791       1    0.1165854314    0.1165854314
        140459       1    0.1163131279    0.1163131279
         96690       1    0.1163131279    0.1163131279
        140230       1    0.1163001060    0.1163001060
         96806       1    0.1161923138    0.1161923138
        104870       1    0.1160199090    0.1160199090
        134374       1    0.1159145924    0.1159145924
        129062       1    0.1158618861    0.1158618861
        159687       1    0.1157343926    0.1157343926
        135017       1    0.1156807598    0.1156807598
        168654       1    0.1156335513    0.1156335513
        123289       1    0.1155673964    0.1155673964
        133686       1    0.1155673964    0.1155673964
        123839       1    0.1155479352    0.1155479352
        149894       1    0.1154913035    0.1154913035
        134569       1    0.1154900960    0.1154900960
         72365       1    0.1154750837    0.1154750837
         69604       1    0.1154536582    0.1154536582
         84453       1    0.1153966359    0.1153966359
         70400       1    0.1153720280    0.1153720280
        168185       1    0.1153489928    0.1153489928
         84850       1    0.1153489928    0.1153489928
        143601       1    0.1153384630    0.1153384630
        118433       1    0.1152998667    0.1152998667
         75458       1    0.1152730131    0.1152730131
        109921       1    0.1152679348    0.1152679348
        132946       1    0.1151125261    0.1151125261
         91842       1    0.1149527408    0.1149527408
         76129       1    0.1148759054    0.1148759054
        112830       1    0.1147319639    0.1147319639
        116178       1    0.1146759391    0.1146759391
        132889       1    0.1146759391    0.1146759391
        160788       1    0.1146759391    0.1146759391
         80983       1    0.1146492683    0.1146492683
         81996       1    0.1146459750    0.1146459750
        161053       1    0.1146195950    0.1146195950
         68468       1    0.1146195950    0.1146195950
        115582       1    0.1146048584    0.1146048584
         73585       1    0.1145636542    0.1145636542
         71160       1    0.1145587095    0.1145587095
        130503       1    0.1143256529    0.1143256529
        144212       1    0.1143256529    0.1143256529
        139997       1    0.1142152734    0.1142152734
        124421       1    0.1142147630    0.1142147630
         81794       1    0.1141859485    0.1141859485
        108285       1    0.1140641747    0.1140641747
        124934       1    0.1140368647    0.1140368647
        106218       1    0.1139895512    0.1139895512
         91747       1    0.1139125952    0.1139125952
        113674       1    0.1137575140    0.1137575140
        138881       1    0.1137575140    0.1137575140
         92662       1    0.1137327508    0.1137327508
         70071       1    0.1136981419    0.1136981419
        148985       1    0.1136475161    0.1136475161
         69022       1    0.1135518045    0.1135518045
        137887       1    0.1135514092    0.1135514092
        141710       1    0.1133237561    0.1133237561
        102906       1    0.1133128515    0.1133128515
         70967       1    0.1129449341    0.1129449341
         67354       1    0.1128980305    0.1128980305
        156043       1    0.1128341501    0.1128341501
         95948       1    0.1128246326    0.1128246326
        111985       1    0.1127645991    0.1127645991
        138987       1    0.1127596727    0.1127596727
         97098       1    0.1127596727    0.1127596727
         88801       1    0.1126425493    0.1126425493
        160626       1    0.1126359446    0.1126359446
         86621       1    0.1126262460    0.1126262460
        114945       1    0.1126201791    0.1126201791
        123716       1    0.1126079234    0.1126079234
        109723       1    0.1124464093    0.1124464093
        141806       1    0.1124074592    0.1124074592
         96587       1    0.1124074592    0.1124074592
        120472       1    0.1123663826    0.1123663826
        121944       1    0.1122136450    0.1122136450
        139637       1    0.1120005051    0.1120005051
        129097       1    0.1119706410    0.1119706410
        159956       1    0.1119470331    0.1119470331
        138587       1    0.1116673637    0.1116673637
        113171       1    0.1116598447    0.1116598447
        167460       1    0.1115314854    0.1115314854
        125772       1    0.1114785948    0.1114785948
         98872       1    0.1114471044    0.1114471044
         87141       1    0.1114315156    0.1114315156
        102536       1    0.1113755533    0.1113755533
         67813       1    0.1113208303    0.1113208303
         68085       1    0.1112950473    0.1112950473
         96712       1    0.1112678846    0.1112678846
         88352       1    0.1112128055    0.1112128055
         71968       1    0.1112001516    0.1112001516
        124471       1    0.1111850761    0.1111850761
        129837       1    0.1111818323    0.1111818323
        107777       1    0.1109923494    0.1109923494
         78664       1    0.1109360414    0.1109360414
         95283       1    0.1109164335    0.1109164335
         98212       1    0.1108060981    0.1108060981
        128274       1    0.1107893416    0.1107893416
         95800       1    0.1107237577    0.1107237577
         97605       1    0.1107237577    0.1107237577
        165559       1    0.1106495775    0.1106495775
        108086       1    0.1106044203    0.1106044203
        123016       1    0.1105967020    0.1105967020
         84702       1    0.1105800271    0.1105800271
        139264       1    0.1105450461    0.1105450461
        102347       1    0.1103649203    0.1103649203
        130229       1    0.1103493805    0.1103493805
        102291       1    0.1103416063    0.1103416063
        118833       1    0.1103416063    0.1103416063
        121423       1    0.1103416063    0.1103416063
        147453       1    0.1103416063    0.1103416063
        130477       1    0.1103267516    0.1103267516
         90835       1    0.1103162915    0.1103162915
        128756       1    0.1102409230    0.1102409230
         81156       1    0.1102409230    0.1102409230
        147950       1    0.1101417169    0.1101417169
         97858       1    0.1100879574    0.1100879574
        161029       1    0.1098606545    0.1098606545
        102268       1    0.1098461946    0.1098461946
        138107       1    0.1097458910    0.1097458910
        115643       1    0.1096940703    0.1096940703
         71006       1    0.1096743132    0.1096743132
         93632       1    0.1096345230    0.1096345230
        105888       1    0.1096299951    0.1096299951
        114191       1    0.1096149068    0.1096149068
         92437       1    0.1095938875    0.1095938875
        113335       1    0.1094929114    0.1094929114
         73177       1    0.1094274603    0.1094274603
         96459       1    0.1094099177    0.1094099177
        134557       1    0.1092932732    0.1092932732
        116288       1    0.1092518116    0.1092518116
        131024       1    0.1092224775    0.1092224775
         91447       1    0.1092224775    0.1092224775
         72200       1    0.1091870224    0.1091870224
         86229       1    0.1091870224    0.1091870224
        125794       1    0.1091763648    0.1091763648
        130128       1    0.1091763648    0.1091763648
        118427       1    0.1091696930    0.1091696930
         97639       1    0.1091367236    0.1091367236
        113242       1    0.1090194061    0.1090194061
        123187       1    0.1089961588    0.1089961588
        121371       1    0.1089874697    0.1089874697
         88116       1    0.1089590611    0.1089590611
         76062       1    0.1089462382    0.1089462382
        108187       1    0.1088928558    0.1088928558
         98941       1    0.1088928558    0.1088928558
         75416       1    0.1085074674    0.1085074674
        114591       1    0.1085074236    0.1085074236
         87220       1    0.1084884084    0.1084884084
        113551       1    0.1083032612    0.1083032612
        114493       1    0.1081881268    0.1081881268
        122931       1    0.1079391036    0.1079391036
        140412       1    0.1078599384    0.1078599384
        127636       1    0.1077404998    0.1077404998
        150899       1    0.1077315062    0.1077315062
         90717       1    0.1077315062    0.1077315062
        104969       1    0.1077269316    0.1077269316
        102971       1    0.1076521791    0.1076521791
        101919       1    0.1076321381    0.1076321381
        108915       1    0.1075933383    0.1075933383
        136104       1    0.1075784160    0.1075784160
        118692       1    0.1074842257    0.1074842257
         67741       1    0.1074666351    0.1074666351
        137774       1    0.1073243300    0.1073243300
        108241       1    0.1072961943    0.1072961943
        133392       1    0.1072521423    0.1072521423
         72387       1    0.1072138633    0.1072138633
         82316       1    0.1071153416    0.1071153416
        105744       1    0.1069690778    0.1069690778
        131743       1    0.1069690778    0.1069690778
         96738       1    0.1067876266    0.1067876266
        133641       1    0.1066401686    0.1066401686
        110303       1    0.1065136770    0.1065136770
         81728       1    0.1061449076    0.1061449076
        135419       1    0.1060227730    0.1060227730
        106961       1    0.1059221357    0.1059221357
         97860       1    0.1057330306    0.1057330306
        138509       1    0.1057226887    0.1057226887
        109175       1    0.1055055169    0.1055055169
        119639       1    0.1055055169    0.1055055169
         73948       1    0.1053216053    0.1053216053
        138643       1    0.1051749679    0.1051749679
         88719       1    0.1051548279    0.1051548279
        107846       1    0.1050747966    0.1050747966
        105725       1    0.1050262505    0.1050262505
        124997       1    0.1048354584    0.1048354584
        108410       1    0.1046030336    0.1046030336
         73462       1    0.1044976970    0.1044976970
        141030       1    0.1042008538    0.1042008538
         66471       1    0.1040981944    0.1040981944
         66657       1    0.1040857065    0.1040857065
         72913       1    0.1037756439    0.1037756439
        111085       1    0.1037747992    0.1037747992
         97260       1    0.1037410838    0.1037410838
        166241       1    0.1036925753    0.1036925753
         79771       1    0.1036433024    0.1036433024
         96991       1    0.1035290723    0.1035290723
        131959       1    0.1033229898    0.1033229898
        104428       1    0.1033179221    0.1033179221
        103667       1    0.1031039536    0.1031039536
        131373       1    0.1030869328    0.1030869328
        124788       1    0.1029640247    0.1029640247
        138933       1    0.1029526877    0.1029526877
        162521       1    0.1027690939    0.1027690939
        156650       1    0.1027503931    0.1027503931
         70165       1    0.1024108063    0.1024108063
        120132       1    0.1023206668    0.1023206668
        127547       1    0.1022235950    0.1022235950
        118175       1    0.1021096309    0.1021096309
        100623       1    0.1020715790    0.1020715790
         82490       1    0.1020715790    0.1020715790
         91451       1    0.1018197951    0.1018197951
        111746       1    0.1017554474    0.1017554474
         90869       1    0.1017377263    0.1017377263
         93061       1    0.1016737727    0.1016737727
        147667       1    0.1015887477    0.1015887477
         96673       1    0.1014734536    0.1014734536
        127486       1    0.1014586643    0.1014586643
         83658       1    0.1014100151    0.1014100151
        121123       1    0.1011515674    0.1011515674
        117348       1    0.1010348760    0.1010348760
         71394       1    0.1009990788    0.1009990788
        135087       1    0.1009225360    0.1009225360
        113931       1    0.1007351989    0.1007351989
        133182       1    0.1007351989    0.1007351989
        136535       1    0.1005889111    0.1005889111
        117456       1    0.1005502343    0.1005502343
         83461       1    0.1004401720    0.1004401720
        135961       1    0.1002605784    0.1002605784
        165873       1    0.1002363215    0.1002363215
        121549       1    0.1002034211    0.1002034211
         87070       1    0.1001886612    0.1001886612
        117637       1    0.1001747513    0.1001747513
         94516       1    0.1001747513    0.1001747513
         79068       1    0.1001403843    0.1001403843
         96594       1    0.1000394458    0.1000394458
        123369       1    0.0999756846    0.0999756846
        115473       1    0.0997921335    0.0997921335
         69039       1    0.0995238565    0.0995238565
        101498       1    0.0995074472    0.0995074472
        168031       1    0.0991237760    0.0991237760
         80944       1    0.0988744034    0.0988744034
        129686       1    0.0988736242    0.0988736242
        133153       1    0.0988607066    0.0988607066
        140584       1    0.0988607066    0.0988607066
         90311       1    0.0987070799    0.0987070799
        100066       1    0.0985494852    0.0985494852
        112079       1    0.0983783901    0.0983783901
         68300       1    0.0982388363    0.0982388363
        101773       1    0.0981539130    0.0981539130
        113253       1    0.0980572402    0.0980572402
        112208       1    0.0978774738    0.0978774738
        108636       1    0.0975144666    0.0975144666
         81587       1    0.0975012502    0.0975012502
        123599       1    0.0974631310    0.0974631310
         95782       1    0.0973090172    0.0973090172
        117731       1    0.0971726815    0.0971726815
         94893       1    0.0970417824    0.0970417824
         87476       1    0.0970193148    0.0970193148
         87369       1    0.0967430201    0.0967430201
         79088       1    0.0967245400    0.0967245400
         69002       1    0.0966695870    0.0966695870
         85319       1    0.0965577939    0.0965577939
        123387       1    0.0958357581    0.0958357581
        114168       1    0.0956634409    0.0956634409
        114505       1    0.0956359165    0.0956359165
        139991       1    0.0954648256    0.0954648256
         76493       1    0.0953855406    0.0953855406
        139201       1    0.0950648338    0.0950648338
         88449       1    0.0947201109    0.0947201109
        129269       1    0.0942498446    0.0942498446
         79588       1    0.0940935841    0.0940935841
        136234       1    0.0939412186    0.0939412186
        121028       1    0.0932599048    0.0932599048
        104030       1    0.0924583703    0.0924583703
         91903       1    0.0917646060    0.0917646060
        133188       1    0.0915985640    0.0915985640
         74972       1    0.0914854430    0.0914854430
         77016       1    0.0914769879    0.0914769879
         87202       1    0.0907659161    0.0907659161
         89960       1    0.0907186674    0.0907186674
         99682       1    0.0904671976    0.0904671976
        131789       1    0.0904387856    0.0904387856
        148493       1    0.0899225164    0.0899225164
        106014       1    0.0891854857    0.0891854857
         82208       1    0.0891842352    0.0891842352
         70786       1    0.0889523815    0.0889523815
         76360       1    0.0886930275    0.0886930275
         95390       1    0.0879344376    0.0879344376
        117287       1    0.0855546489    0.0855546489
         88523       1    0.0855546489    0.0855546489
         72121       1    0.0847193116    0.0847193116
         96569       1    0.0841532592    0.0841532592
         95030       1    0.0834294714    0.0834294714
        104417       1    0.0831286728    0.0831286728
        138385       1    0.0827962114    0.0827962114
         83029       1    0.0825148710    0.0825148710
        128543       1    0.0824639400    0.0824639400
        119514       1    0.0820880375    0.0820880375
        168112       1    0.0817858577    0.0817858577
         74823       1    0.0812043846    0.0812043846
        121431       1    0.0810568395    0.0810568395
        119272       1    0.0805107191    0.0805107191
        105583       1    0.0793324216    0.0793324216
         66015       1    0.0781208606    0.0781208606
         84045       1    0.0776510781    0.0776510781
        125332       1    0.0771491975    0.0771491975
        101056       1    0.0769938721    0.0769938721
         85733       1    0.0769938721    0.0769938721
        108548       1    0.0764313119    0.0764313119
        114340       1    0.0750932097    0.0750932097
        132330       1    0.0738972255    0.0738972255
         85085       1    0.0738972255    0.0738972255
         95522       1    0.0736220116    0.0736220116
        145421       1    0.0732085854    0.0732085854
        123398       1    0.0729838931    0.0729838931
         98921       1    0.0729462504    0.0729462504
         85305       1    0.0720645227    0.0720645227
         83811       1    0.0707981459    0.0707981459
        121663       1    0.0705182708    0.0705182708
        115253       1    0.0702447891    0.0702447891
        137794       1    0.0701463493    0.0701463493
        158417       1    0.0699689715    0.0699689715
         90589       1    0.0696625337    0.0696625337
         75129       1    0.0689234620    0.0689234620
         80424       1    0.0688444972    0.0688444972
        101100       1    0.0687047640    0.0687047640
         98955       1    0.0666689835    0.0666689835
        115804       1    0.0665856442    0.0665856442
         82793       1    0.0638008009    0.0638008009
         95859       1    0.0630061775    0.0630061775
        103685       1    0.0624417315    0.0624417315
        158776       1    0.0616101405    0.0616101405
         86476       1    0.0610194306    0.0610194306
        117866       1    0.0608857142    0.0608857142
         84481       1    0.0606133712    0.0606133712
         98537       1    0.0604347453    0.0604347453
        141937       1    0.0602968562    0.0602968562
        154324       1    0.0599296143    0.0599296143
        131873       1    0.0597710624    0.0597710624
         69935       1    0.0594226349    0.0594226349
         71072       1    0.0594148207    0.0594148207
         90771       1    0.0586559071    0.0586559071
         80129       1    0.0585148954    0.0585148954
        151731       1    0.0582395835    0.0582395835
        101585       1    0.0581904905    0.0581904905
        104344       1    0.0579439556    0.0579439556
        127257       1    0.0575638790    0.0575638790
         79224       1    0.0573987762    0.0573987762
        138218       1    0.0572589492    0.0572589492
        157041       1    0.0564776269    0.0564776269
         81708       1    0.0557966034    0.0557966034
        121896       1    0.0556058962    0.0556058962
         99244       1    0.0548205952    0.0548205952
        100318       1    0.0547530866    0.0547530866
        103187       1    0.0530529588    0.0530529588
        139199       1    0.0527308981    0.0527308981
        125702       1    0.0521050597    0.0521050597
        102859       1    0.0507191679    0.0507191679
         74276       1    0.0501570019    0.0501570019
        130279       1    0.0500394180    0.0500394180
        127066       1    0.0499723942    0.0499723942
        105134       1    0.0495531261    0.0495531261
         93768       1    0.0467781311    0.0467781311
        112610       1    0.0446513402    0.0446513402
         87298       1    0.0445654921    0.0445654921
        141164       1    0.0444338083    0.0444338083
         71738       1    0.0435755027    0.0435755027
         99550       1    0.0433473821    0.0433473821
         73955       1    0.0431635648    0.0431635648
        110284       1    0.0430976892    0.0430976892
         83018       1    0.0422231596    0.0422231596
        135614       1    0.0415355197    0.0415355197
        136980       1    0.0393731542    0.0393731542
         80722       1    0.0380104259    0.0380104259
         71587       1    0.0376913406    0.0376913406
         75155       1    0.0376487946    0.0376487946
        136982       1    0.0355743985    0.0355743985
         77784       1    0.0340483056    0.0340483056
         94159       1    0.0337405602    0.0337405602
        125745       1    0.0324434508    0.0324434508
         91927       1    0.0305983627    0.0305983627
         93278       1    0.0287064021    0.0287064021
        107319       1    0.0285808961    0.0285808961
         95091       1    0.0244643390    0.0244643390
         78962       1    0.0224743982    0.0224743982
        128500       1    0.0202675480    0.0202675480
        101075       1    0.0188688352    0.0188688352
         93546       1    0.0187825503    0.0187825503
         78151       1    0.0164140824    0.0164140824
        111503       1    0.0149897030    0.0149897030
        123730       1    0.0148964174    0.0148964174
         83959       1    0.0148198707    0.0148198707
         77173       1    0.0131578238    0.0131578238
        128445       1    0.0125666752    0.0125666752
        138562       1    0.0043250024    0.0043250024
        122783       1   -0.0004013814   -0.0004013814

------------------------------------------------------------------------
Position 2  (1022 unique reactants)
------------------------------------------------------------------------
   reactant_id   count       avg_score       max_score
        159258     197    0.1077703377    0.1377917911
        169604     167    0.1091482366    0.1355703152
        137856     105    0.1084692872    0.1452464834
        112725     100    0.0750523561    0.1356130405
        156548      73    0.1090053518    0.1315984373
        166234      57    0.1031504994    0.1297060436
        124690      53    0.1087329541    0.1260595103
        116388      42    0.1067631758    0.1357538392
        166336      28    0.1085918080    0.1302204293
        161296      26    0.0654455128    0.1207074920
        171510      22    0.0976754604    0.1298546383
        115754      21    0.1075258708    0.1267384641
        133432      20    0.1019080076    0.1444980961
         85686      18    0.0968664777    0.1210641942
         80746      16    0.0985051289    0.1238758321
        134879      16    0.0480294786    0.0891854857
        109025      15    0.0927574405    0.1363978982
        145452      15    0.1166459692    0.1333472356
        113963      15    0.1022043907    0.1318214848
         92488      15    0.0968900524    0.1267944737
        124273      12    0.0949691630    0.1211125119
        110041      11    0.1085616194    0.1374839653
        111069      11    0.1085960009    0.1305305004
        146900      11    0.1026539408    0.1204090357
        157403      10    0.1123279733    0.1230505045
         68807       8    0.1038344544    0.1312259866
         74375       8    0.1061625099    0.1234205891
        165180       8    0.0814301623    0.1109885684
         84587       7    0.1095876360    0.1242415688
         70971       7    0.1054723560    0.1214299431
        101558       7    0.0986106949    0.1183428594
        108287       7    0.0808535576    0.1181389689
        122855       7    0.1011884366    0.1126712252
        160388       6    0.1206959243    0.1363978982
         66791       6    0.0879832524    0.1336806796
        172035       6    0.1055837621    0.1231952054
        141988       6    0.0923437815    0.1199842862
        107408       6    0.0938970732    0.1181366784
         84519       6    0.0913355369    0.1174860247
        108313       6    0.1073419964    0.1172433639
        131305       6    0.0983485582    0.1126009063
        170379       6    0.0828193474    0.1125843724
        146755       6    0.1018634472    0.1116598447
        140099       5    0.1110947071    0.1358868642
        172676       5    0.0761381916    0.1158741372
        147681       5    0.1048123331    0.1156458596
        113626       5    0.1017390995    0.1138874699
        114774       5    0.0995489467    0.1111975426
        133780       5    0.0814522239    0.1043842222
        127220       4    0.1007066611    0.1374839653
        150743       4    0.0661172842    0.1325451930
        165358       4    0.1183997790    0.1325132887
         96812       4    0.1129663034    0.1264858996
         84225       4    0.1109129876    0.1242415688
         81705       4    0.0796834144    0.1203293532
        172618       4    0.0797071725    0.1061859633
        171602       4    0.0762288086    0.1046667140
         67083       3    0.1065638097    0.1325132887
         67081       3    0.1062369639    0.1266422609
        169777       3    0.0931347641    0.1257389122
        144023       3    0.0903074456    0.1245538259
        117630       3    0.1086659877    0.1231614351
        165292       3    0.1020002111    0.1209478331
        165126       3    0.1174299414    0.1193337728
        152237       3    0.1065728204    0.1183428594
         65814       3    0.0894831220    0.1181957441
        130039       3    0.0863566979    0.1181389689
         98748       3    0.1125434765    0.1180961566
        100029       3    0.1115529318    0.1180111576
        139451       3    0.1092773580    0.1167389397
        133871       3    0.1131812262    0.1166832268
         98900       3    0.1124092450    0.1157201741
        137914       3    0.1137420022    0.1138874699
         76835       3    0.1051697687    0.1125024378
        134261       3    0.0780591117    0.1104586435
         92027       3    0.1047890908    0.1098218937
        159691       3    0.0927000733    0.1095818943
         66968       3    0.0879798126    0.1078599384
        117115       3    0.1011407744    0.1078167193
        170892       3    0.0818346646    0.1076035655
        160081       3    0.0902971692    0.1051548279
        156679       3    0.0983768356    0.1045882392
        156124       3    0.1006155556    0.1029735208
        167649       3    0.0691891221    0.1005040984
         94292       3    0.0981958559    0.0999203807
        172265       3    0.0581588508    0.0977126993
        171597       3    0.0591976904    0.0962368094
        170658       3    0.0829792680    0.0939327412
        172450       3    0.0714415248    0.0783481117
         76633       3    0.0550643258    0.0770426989
        173220       3    0.0689119662    0.0743359059
        169012       3    0.0278183855    0.0362667174
        119985       2    0.1265027101    0.1513129933
         80002       2    0.1166418152    0.1296582385
        164585       2    0.1046783348    0.1282124847
        138728       2    0.1067582083    0.1233860254
         71323       2    0.1115387855    0.1226540078
        148983       2    0.1200731099    0.1217352152
         78104       2    0.1114128860    0.1205601530
         72770       2    0.1079009678    0.1179193583
         69998       2    0.1100482846    0.1162098267
         81912       2    0.1056832674    0.1158822358
        138214       2    0.1024082809    0.1154350589
         90726       2    0.1137418667    0.1152382872
        172841       2    0.1030985676    0.1150730352
        161083       2    0.1007392467    0.1140902484
        135503       2    0.0996542477    0.1140108042
        168163       2    0.1128423043    0.1135853298
         91511       2    0.1005206456    0.1134196172
        135854       2    0.0757629431    0.1122336040
        102043       2    0.0923957468    0.1117595976
         73940       2    0.1105410903    0.1109727667
         85300       2    0.1034050265    0.1103826804
        142192       2    0.0997233431    0.1090139254
         76464       2    0.0888781962    0.1087403615
        117380       2    0.1079573555    0.1084597778
         71185       2    0.0963945304    0.1075136122
        142664       2    0.0825456644    0.1073460826
        169340       2    0.1020589879    0.1056959521
         87143       2    0.1036313075    0.1053318350
        172325       2    0.0987587801    0.1041570334
        101852       2    0.0934962687    0.1041452944
         78077       2    0.0836109061    0.1039510447
         90126       2    0.0968893785    0.1036912680
        118643       2    0.0995438968    0.1031805277
        136237       2    0.1025114211    0.1030903373
        171676       2    0.0703532539    0.1001036792
        172752       2    0.0654567659    0.0990731191
        121363       2    0.0911222019    0.0954653905
         95623       2    0.0699118437    0.0947674513
        144172       2    0.0757526788    0.0945639869
        100343       2    0.0794676751    0.0945552588
        172163       2    0.0617082192    0.0945437784
        121421       2    0.0872412711    0.0926966846
        101971       2    0.0796701632    0.0897714133
        172180       2    0.0572307006    0.0896946665
        170828       2    0.0749800067    0.0891842352
         90279       2    0.0698090744    0.0860483538
        156709       2    0.0749725007    0.0855546489
        166574       2    0.0830046861    0.0843460506
         90955       2    0.0526313810    0.0828753639
        158637       2    0.0685669946    0.0825607101
        147081       2    0.0685502516    0.0813184295
         89368       2    0.0696764712    0.0806025348
        169668       2    0.0709887976    0.0805067688
         78675       2    0.0608044462    0.0794061996
        169125       2    0.0761568629    0.0793840042
        160027       2    0.0634411243    0.0767919398
         93744       2    0.0745394017    0.0749832051
        168622       2    0.0656105365    0.0748721622
        150463       2    0.0593491309    0.0693431749
        146526       2    0.0613191657    0.0678409013
        153366       2    0.0654242120    0.0676019135
        153150       2    0.0572828152    0.0673588316
        142864       2    0.0571168946    0.0672349442
        155530       2    0.0633804758    0.0663347721
        100235       2    0.0644629910    0.0657874459
        156178       2    0.0618553626    0.0657513984
        170968       2    0.0624338761    0.0647789286
        171928       2    0.0572569140    0.0644611369
        147290       2    0.0624893288    0.0639534068
        108484       2    0.0552321058    0.0586559071
        155222       2    0.0526175854    0.0567345247
        128008       2    0.0514980501    0.0557123423
        134530       2    0.0472332544    0.0512461051
        113852       2    0.0286930063    0.0507136493
        170499       2    0.0451665148    0.0452281564
        155096       2    0.0415918147    0.0426535457
        108959       1    0.1389885005    0.1389885005
         97528       1    0.1361697051    0.1361697051
        126794       1    0.1354899108    0.1354899108
        117232       1    0.1336806796    0.1336806796
         99690       1    0.1322859163    0.1322859163
        156070       1    0.1314224345    0.1314224345
        107159       1    0.1309660316    0.1309660316
        158681       1    0.1309660316    0.1309660316
        114159       1    0.1308897092    0.1308897092
        124383       1    0.1308897092    0.1308897092
         82538       1    0.1296582385    0.1296582385
         77910       1    0.1280084198    0.1280084198
         69533       1    0.1272726506    0.1272726506
        103826       1    0.1270883799    0.1270883799
        116064       1    0.1267384641    0.1267384641
         91380       1    0.1265453850    0.1265453850
        151849       1    0.1263705736    0.1263705736
         73299       1    0.1256831467    0.1256831467
         86370       1    0.1252979338    0.1252979338
         89151       1    0.1243232101    0.1243232101
         66938       1    0.1240386168    0.1240386168
         69829       1    0.1235202579    0.1235202579
         96010       1    0.1229992005    0.1229992005
        102427       1    0.1226540078    0.1226540078
         66800       1    0.1216195172    0.1216195172
        115064       1    0.1211119771    0.1211119771
        134944       1    0.1211119771    0.1211119771
         88151       1    0.1206944625    0.1206944625
         67917       1    0.1205032289    0.1205032289
        136912       1    0.1204584860    0.1204584860
        114966       1    0.1204090357    0.1204090357
        143269       1    0.1203529068    0.1203529068
         90451       1    0.1190809499    0.1190809499
         94008       1    0.1187578792    0.1187578792
        125030       1    0.1187294104    0.1187294104
         67972       1    0.1185003549    0.1185003549
        131613       1    0.1182353833    0.1182353833
        131422       1    0.1181999266    0.1181999266
        147583       1    0.1180111576    0.1180111576
        155915       1    0.1174149896    0.1174149896
        134903       1    0.1169825256    0.1169825256
        110519       1    0.1169304699    0.1169304699
        111111       1    0.1168919854    0.1168919854
        121446       1    0.1168873268    0.1168873268
        151282       1    0.1165422946    0.1165422946
        138890       1    0.1162579969    0.1162579969
        147071       1    0.1160384655    0.1160384655
         93252       1    0.1160288182    0.1160288182
        120988       1    0.1159540287    0.1159540287
         89839       1    0.1158988530    0.1158988530
         73672       1    0.1158319683    0.1158319683
        139483       1    0.1154900960    0.1154900960
        139177       1    0.1152245769    0.1152245769
        131753       1    0.1151961142    0.1151961142
        147854       1    0.1150507581    0.1150507581
        110232       1    0.1149742988    0.1149742988
         68715       1    0.1146165643    0.1146165643
        109871       1    0.1143601753    0.1143601753
        113405       1    0.1140748208    0.1140748208
         93491       1    0.1139588900    0.1139588900
         73133       1    0.1135543403    0.1135543403
         84542       1    0.1132784968    0.1132784968
        124909       1    0.1129536382    0.1129536382
        161836       1    0.1128027551    0.1128027551
         68923       1    0.1126841164    0.1126841164
        114252       1    0.1126514912    0.1126514912
        149451       1    0.1125423431    0.1125423431
        110901       1    0.1123917943    0.1123917943
        130267       1    0.1122454462    0.1122454462
         92329       1    0.1122336040    0.1122336040
        166752       1    0.1121251464    0.1121251464
         80859       1    0.1121241428    0.1121241428
         98834       1    0.1121024609    0.1121024609
        137486       1    0.1120240932    0.1120240932
        153350       1    0.1118532240    0.1118532240
        164072       1    0.1117837977    0.1117837977
         70252       1    0.1116518356    0.1116518356
        123888       1    0.1115558456    0.1115558456
        161725       1    0.1113996039    0.1113996039
        120681       1    0.1113377991    0.1113377991
        150247       1    0.1111741891    0.1111741891
        171211       1    0.1109801449    0.1109801449
         90049       1    0.1107887906    0.1107887906
        102321       1    0.1107311904    0.1107311904
         66156       1    0.1107170860    0.1107170860
        171135       1    0.1105453278    0.1105453278
         99852       1    0.1105453278    0.1105453278
        113803       1    0.1105339295    0.1105339295
        138344       1    0.1104500013    0.1104500013
        102564       1    0.1104003617    0.1104003617
        154976       1    0.1104003617    0.1104003617
        101169       1    0.1103012458    0.1103012458
        123403       1    0.1103012458    0.1103012458
        161575       1    0.1103012458    0.1103012458
        111833       1    0.1101455830    0.1101455830
        164824       1    0.1101332009    0.1101332009
         80676       1    0.1101332009    0.1101332009
        160855       1    0.1101091163    0.1101091163
         80295       1    0.1099532192    0.1099532192
        149553       1    0.1099333038    0.1099333038
        131763       1    0.1098478255    0.1098478255
        104330       1    0.1097490220    0.1097490220
        159185       1    0.1097458910    0.1097458910
        109536       1    0.1096893612    0.1096893612
         77047       1    0.1096759126    0.1096759126
        118674       1    0.1095460820    0.1095460820
        138701       1    0.1095446089    0.1095446089
        144510       1    0.1094720147    0.1094720147
        117820       1    0.1091747637    0.1091747637
        142090       1    0.1091677674    0.1091677674
        172111       1    0.1090690309    0.1090690309
         70209       1    0.1089448929    0.1089448929
        125354       1    0.1087567917    0.1087567917
        139516       1    0.1087240577    0.1087240577
        117186       1    0.1086121414    0.1086121414
        133697       1    0.1085022607    0.1085022607
        139570       1    0.1084914533    0.1084914533
        151332       1    0.1083550882    0.1083550882
        134561       1    0.1083330860    0.1083330860
        146828       1    0.1083330860    0.1083330860
        112961       1    0.1082962871    0.1082962871
        126733       1    0.1081881268    0.1081881268
         84640       1    0.1080635445    0.1080635445
        114031       1    0.1078780211    0.1078780211
         84259       1    0.1078654335    0.1078654335
        140049       1    0.1078561034    0.1078561034
        170544       1    0.1078373401    0.1078373401
        157202       1    0.1077983816    0.1077983816
        136634       1    0.1077218235    0.1077218235
        129163       1    0.1075412759    0.1075412759
        136743       1    0.1075099736    0.1075099736
        100888       1    0.1071460900    0.1071460900
        116989       1    0.1069641328    0.1069641328
         78575       1    0.1069641328    0.1069641328
        118358       1    0.1069489224    0.1069489224
        140084       1    0.1067698327    0.1067698327
        155002       1    0.1066810246    0.1066810246
        121820       1    0.1066401686    0.1066401686
        148705       1    0.1066334531    0.1066334531
        163326       1    0.1066094041    0.1066094041
        149557       1    0.1064765453    0.1064765453
        165123       1    0.1063765179    0.1063765179
         70415       1    0.1063281894    0.1063281894
        133986       1    0.1060723229    0.1060723229
        164114       1    0.1060421735    0.1060421735
        156984       1    0.1058263063    0.1058263063
         86915       1    0.1057588196    0.1057588196
         88145       1    0.1055813551    0.1055813551
         93054       1    0.1055813551    0.1055813551
         81745       1    0.1055300258    0.1055300258
        112899       1    0.1053939272    0.1053939272
        159692       1    0.1053532064    0.1053532064
         88499       1    0.1052390364    0.1052390364
         69650       1    0.1049035219    0.1049035219
        122095       1    0.1048921772    0.1048921772
        119677       1    0.1046977157    0.1046977157
        131807       1    0.1046437189    0.1046437189
        109889       1    0.1041859984    0.1041859984
        155216       1    0.1041707240    0.1041707240
         83148       1    0.1040755604    0.1040755604
         85716       1    0.1039704058    0.1039704058
        129614       1    0.1039575029    0.1039575029
        138386       1    0.1039092258    0.1039092258
        160494       1    0.1037410838    0.1037410838
        133406       1    0.1037366105    0.1037366105
         82325       1    0.1036912680    0.1036912680
        148672       1    0.1036741960    0.1036741960
        106742       1    0.1036522259    0.1036522259
         71269       1    0.1036522259    0.1036522259
        115889       1    0.1036456555    0.1036456555
         74232       1    0.1036056926    0.1036056926
        101223       1    0.1034141392    0.1034141392
         70956       1    0.1033455079    0.1033455079
        145816       1    0.1033290255    0.1033290255
        111242       1    0.1033215494    0.1033215494
        126659       1    0.1033034750    0.1033034750
        150647       1    0.1032300762    0.1032300762
        161927       1    0.1031310221    0.1031310221
        116063       1    0.1029868440    0.1029868440
        159844       1    0.1027690939    0.1027690939
        141436       1    0.1027209109    0.1027209109
         71998       1    0.1026973683    0.1026973683
        173115       1    0.1026675906    0.1026675906
        115410       1    0.1025873518    0.1025873518
        155996       1    0.1025024610    0.1025024610
        171937       1    0.1024709177    0.1024709177
         75228       1    0.1023924316    0.1023924316
        123215       1    0.1023429108    0.1023429108
        102382       1    0.1023074786    0.1023074786
        104935       1    0.1021952686    0.1021952686
         92430       1    0.1020806707    0.1020806707
         66368       1    0.1019938096    0.1019938096
         83036       1    0.1019412733    0.1019412733
        161514       1    0.1018702451    0.1018702451
        148364       1    0.1016660879    0.1016660879
         93540       1    0.1016163111    0.1016163111
        135192       1    0.1015194356    0.1015194356
        110962       1    0.1014975488    0.1014975488
        127180       1    0.1014508493    0.1014508493
        126829       1    0.1012969121    0.1012969121
        112506       1    0.1011228191    0.1011228191
        113561       1    0.1008972157    0.1008972157
        119437       1    0.1008972157    0.1008972157
         66804       1    0.1006991832    0.1006991832
        138357       1    0.1006938130    0.1006938130
         88559       1    0.1006934400    0.1006934400
         91138       1    0.1006885881    0.1006885881
        104794       1    0.1006742602    0.1006742602
        141864       1    0.1006236126    0.1006236126
        170424       1    0.1005915768    0.1005915768
         68282       1    0.1005124807    0.1005124807
        131463       1    0.1004801989    0.1004801989
        129263       1    0.1004201511    0.1004201511
         66545       1    0.1004201511    0.1004201511
         86726       1    0.1004201511    0.1004201511
         74026       1    0.1004167696    0.1004167696
        119826       1    0.1004008793    0.1004008793
        166003       1    0.1002912074    0.1002912074
         81238       1    0.1002577032    0.1002577032
         78769       1    0.1002460443    0.1002460443
        156913       1    0.1002266511    0.1002266511
        106780       1    0.1002200633    0.1002200633
         69259       1    0.1002059579    0.1002059579
        161499       1    0.1000893983    0.1000893983
        163892       1    0.1000543962    0.1000543962
        168151       1    0.0999529674    0.0999529674
        108573       1    0.0998970199    0.0998970199
        111348       1    0.0997388393    0.0997388393
        173095       1    0.0996949417    0.0996949417
        109315       1    0.0995431900    0.0995431900
        106463       1    0.0995086193    0.0995086193
        119697       1    0.0993085802    0.0993085802
         91582       1    0.0992508938    0.0992508938
        107567       1    0.0991655758    0.0991655758
        149983       1    0.0990282565    0.0990282565
        117667       1    0.0990002155    0.0990002155
        142305       1    0.0988845440    0.0988845440
        151136       1    0.0988785137    0.0988785137
        133898       1    0.0988718414    0.0988718414
        170492       1    0.0988034118    0.0988034118
         74326       1    0.0986576568    0.0986576568
        123060       1    0.0986109121    0.0986109121
         98880       1    0.0984307379    0.0984307379
        169537       1    0.0984220237    0.0984220237
        141510       1    0.0983618115    0.0983618115
         69608       1    0.0983411187    0.0983411187
        124762       1    0.0982583604    0.0982583604
        111053       1    0.0982171568    0.0982171568
        125572       1    0.0980499660    0.0980499660
        113483       1    0.0979040538    0.0979040538
        172650       1    0.0978878791    0.0978878791
        101091       1    0.0978794488    0.0978794488
        150565       1    0.0978788014    0.0978788014
        125091       1    0.0978550471    0.0978550471
         96368       1    0.0977690121    0.0977690121
        154232       1    0.0977126993    0.0977126993
         66745       1    0.0977126993    0.0977126993
         86237       1    0.0977126993    0.0977126993
        155258       1    0.0976669969    0.0976669969
         83425       1    0.0975759966    0.0975759966
        158909       1    0.0975378183    0.0975378183
        100837       1    0.0974797010    0.0974797010
        137982       1    0.0974797010    0.0974797010
        166934       1    0.0974001518    0.0974001518
         70373       1    0.0973621116    0.0973621116
         81125       1    0.0973621116    0.0973621116
         97056       1    0.0973021713    0.0973021713
        124285       1    0.0972092599    0.0972092599
        117833       1    0.0971432870    0.0971432870
        170070       1    0.0971183077    0.0971183077
        171438       1    0.0970976456    0.0970976456
        147962       1    0.0968661308    0.0968661308
        131331       1    0.0966740336    0.0966740336
        158464       1    0.0963434365    0.0963434365
         72130       1    0.0963433266    0.0963433266
        169006       1    0.0963102192    0.0963102192
         95638       1    0.0962912617    0.0962912617
         81021       1    0.0962582694    0.0962582694
        126537       1    0.0961972292    0.0961972292
        129594       1    0.0961835276    0.0961835276
         66379       1    0.0961301977    0.0961301977
        123015       1    0.0961209304    0.0961209304
         84085       1    0.0960246114    0.0960246114
         70237       1    0.0958485149    0.0958485149
         96488       1    0.0957938007    0.0957938007
         66693       1    0.0957046123    0.0957046123
        155491       1    0.0956149643    0.0956149643
         89295       1    0.0955658067    0.0955658067
        171795       1    0.0955223739    0.0955223739
         95801       1    0.0954436639    0.0954436639
        170246       1    0.0953748614    0.0953748614
        103045       1    0.0953605592    0.0953605592
        147673       1    0.0953076766    0.0953076766
         91563       1    0.0952776330    0.0952776330
         71289       1    0.0952513452    0.0952513452
        130151       1    0.0951392383    0.0951392383
        152517       1    0.0950770932    0.0950770932
        116676       1    0.0950751245    0.0950751245
        115331       1    0.0950542688    0.0950542688
         79752       1    0.0950084754    0.0950084754
         82725       1    0.0948332101    0.0948332101
        172495       1    0.0947509039    0.0947509039
        104436       1    0.0946909019    0.0946909019
        113325       1    0.0946085989    0.0946085989
        120232       1    0.0945552588    0.0945552588
         89341       1    0.0943365201    0.0943365201
        170191       1    0.0942744187    0.0942744187
        129487       1    0.0942550242    0.0942550242
        150305       1    0.0941709677    0.0941709677
         82536       1    0.0940898085    0.0940898085
        163466       1    0.0938895884    0.0938895884
        168476       1    0.0938244675    0.0938244675
        110334       1    0.0937392563    0.0937392563
         80191       1    0.0935708582    0.0935708582
         70645       1    0.0932617009    0.0932617009
        110743       1    0.0929243207    0.0929243207
        128925       1    0.0928734144    0.0928734144
        107267       1    0.0925426120    0.0925426120
         76581       1    0.0925375149    0.0925375149
         71484       1    0.0922704780    0.0922704780
        119786       1    0.0921733785    0.0921733785
        155900       1    0.0921396819    0.0921396819
        124713       1    0.0920712818    0.0920712818
        161103       1    0.0917616259    0.0917616259
         75559       1    0.0916787637    0.0916787637
        114605       1    0.0916094374    0.0916094374
        134526       1    0.0915390682    0.0915390682
        139009       1    0.0914271805    0.0914271805
        146868       1    0.0914271805    0.0914271805
        149393       1    0.0912922567    0.0912922567
        160220       1    0.0912535557    0.0912535557
        152230       1    0.0910980531    0.0910980531
        121754       1    0.0909763004    0.0909763004
        143770       1    0.0909312516    0.0909312516
         71180       1    0.0908900840    0.0908900840
        144517       1    0.0907974817    0.0907974817
        112567       1    0.0906357914    0.0906357914
        120800       1    0.0905743007    0.0905743007
         77316       1    0.0905000120    0.0905000120
        116446       1    0.0904308501    0.0904308501
        133888       1    0.0903151333    0.0903151333
        168403       1    0.0902977897    0.0902977897
         79989       1    0.0900988636    0.0900988636
        167406       1    0.0899105993    0.0899105993
        152598       1    0.0898654532    0.0898654532
        103868       1    0.0898149701    0.0898149701
         71623       1    0.0897953863    0.0897953863
        135577       1    0.0896979088    0.0896979088
        111485       1    0.0896748730    0.0896748730
        120964       1    0.0896419041    0.0896419041
        144751       1    0.0895640208    0.0895640208
         89838       1    0.0892083503    0.0892083503
        103126       1    0.0891551063    0.0891551063
        111998       1    0.0891470462    0.0891470462
         70866       1    0.0891268998    0.0891268998
        147379       1    0.0890270216    0.0890270216
         94314       1    0.0889348465    0.0889348465
        132995       1    0.0889022195    0.0889022195
         80762       1    0.0888664722    0.0888664722
        102802       1    0.0888394401    0.0888394401
        152446       1    0.0888179398    0.0888179398
        122772       1    0.0886269584    0.0886269584
        115212       1    0.0886136338    0.0886136338
        165256       1    0.0882117237    0.0882117237
        169282       1    0.0880015890    0.0880015890
        123446       1    0.0879584640    0.0879584640
        155734       1    0.0879584640    0.0879584640
        151562       1    0.0878233910    0.0878233910
        161370       1    0.0878095428    0.0878095428
        136188       1    0.0875680227    0.0875680227
        133993       1    0.0875550807    0.0875550807
        116678       1    0.0870105235    0.0870105235
         99564       1    0.0869979944    0.0869979944
        134696       1    0.0869677688    0.0869677688
         74240       1    0.0868805751    0.0868805751
        169414       1    0.0867728371    0.0867728371
        100175       1    0.0866789150    0.0866789150
        128174       1    0.0866684887    0.0866684887
         72591       1    0.0865659286    0.0865659286
         94157       1    0.0864985477    0.0864985477
        143882       1    0.0863375068    0.0863375068
         82627       1    0.0863369274    0.0863369274
         69906       1    0.0861896745    0.0861896745
        171354       1    0.0861888087    0.0861888087
         75801       1    0.0861016294    0.0861016294
         66936       1    0.0859978880    0.0859978880
        100549       1    0.0854587555    0.0854587555
         66591       1    0.0853335071    0.0853335071
         76382       1    0.0852796760    0.0852796760
        126699       1    0.0852141357    0.0852141357
        170822       1    0.0848898217    0.0848898217
         81846       1    0.0848226924    0.0848226924
        163318       1    0.0847803354    0.0847803354
         89735       1    0.0847369929    0.0847369929
        165373       1    0.0846975961    0.0846975961
         99260       1    0.0845184952    0.0845184952
        151179       1    0.0843777713    0.0843777713
        131320       1    0.0841857661    0.0841857661
        101203       1    0.0841788536    0.0841788536
        124879       1    0.0841576863    0.0841576863
        120558       1    0.0840641658    0.0840641658
        154776       1    0.0839793801    0.0839793801
        101506       1    0.0839760701    0.0839760701
        125299       1    0.0839760701    0.0839760701
        169361       1    0.0839121843    0.0839121843
        166778       1    0.0837031802    0.0837031802
         94925       1    0.0835892573    0.0835892573
        156918       1    0.0833205998    0.0833205998
         72953       1    0.0832695782    0.0832695782
        136400       1    0.0832635505    0.0832635505
        104470       1    0.0832227507    0.0832227507
         67510       1    0.0831328134    0.0831328134
        169248       1    0.0830736756    0.0830736756
        169477       1    0.0828895610    0.0828895610
        172078       1    0.0827333927    0.0827333927
        105037       1    0.0826309816    0.0826309816
         73993       1    0.0825454791    0.0825454791
        170475       1    0.0824202040    0.0824202040
        128350       1    0.0823621060    0.0823621060
        105013       1    0.0823471367    0.0823471367
         90270       1    0.0823098183    0.0823098183
        110322       1    0.0822577070    0.0822577070
        162819       1    0.0822141270    0.0822141270
        170961       1    0.0821762840    0.0821762840
         98062       1    0.0821443796    0.0821443796
        169611       1    0.0819366899    0.0819366899
        173190       1    0.0817514772    0.0817514772
        138244       1    0.0817086072    0.0817086072
         89797       1    0.0814792863    0.0814792863
        142136       1    0.0814233611    0.0814233611
        114253       1    0.0811007898    0.0811007898
        132079       1    0.0810874492    0.0810874492
        159394       1    0.0810126536    0.0810126536
         74854       1    0.0807039241    0.0807039241
         93291       1    0.0804482073    0.0804482073
         84548       1    0.0804353129    0.0804353129
        155593       1    0.0803710327    0.0803710327
        132034       1    0.0803544439    0.0803544439
        125744       1    0.0803519623    0.0803519623
        171001       1    0.0801597876    0.0801597876
        159041       1    0.0801519084    0.0801519084
        148477       1    0.0800743780    0.0800743780
        151992       1    0.0800387004    0.0800387004
        170223       1    0.0800024441    0.0800024441
        124930       1    0.0799030155    0.0799030155
        116292       1    0.0797725534    0.0797725534
        105165       1    0.0796914029    0.0796914029
        118171       1    0.0795742486    0.0795742486
        164535       1    0.0793934638    0.0793934638
         82568       1    0.0793838671    0.0793838671
         75017       1    0.0793691013    0.0793691013
         76353       1    0.0791367759    0.0791367759
        135047       1    0.0789760672    0.0789760672
        149887       1    0.0788348510    0.0788348510
         85400       1    0.0787874971    0.0787874971
        150796       1    0.0786903241    0.0786903241
        159617       1    0.0786774799    0.0786774799
        140477       1    0.0786597970    0.0786597970
         76480       1    0.0786458442    0.0786458442
        115667       1    0.0786356812    0.0786356812
        171956       1    0.0784824945    0.0784824945
        167857       1    0.0783379873    0.0783379873
        155640       1    0.0782416761    0.0782416761
        130615       1    0.0780667756    0.0780667756
        169311       1    0.0778810691    0.0778810691
        127803       1    0.0775853992    0.0775853992
        112021       1    0.0775772868    0.0775772868
        140270       1    0.0775718451    0.0775718451
        133585       1    0.0775476156    0.0775476156
         79298       1    0.0775359675    0.0775359675
        140528       1    0.0773733145    0.0773733145
        144921       1    0.0773355136    0.0773355136
         99415       1    0.0773318868    0.0773318868
        116170       1    0.0773207116    0.0773207116
        138673       1    0.0769671564    0.0769671564
        116515       1    0.0768417090    0.0768417090
        116856       1    0.0768412522    0.0768412522
        149063       1    0.0767919398    0.0767919398
         71110       1    0.0767020935    0.0767020935
        170398       1    0.0766977351    0.0766977351
        139149       1    0.0766930905    0.0766930905
         79186       1    0.0766275823    0.0766275823
        153604       1    0.0766132209    0.0766132209
         75108       1    0.0765357018    0.0765357018
        105376       1    0.0765240897    0.0765240897
        166001       1    0.0764862776    0.0764862776
        104878       1    0.0764359862    0.0764359862
        122193       1    0.0763297876    0.0763297876
         83516       1    0.0762388438    0.0762388438
        106702       1    0.0758038759    0.0758038759
         77135       1    0.0757114887    0.0757114887
        158436       1    0.0755629369    0.0755629369
         87988       1    0.0753910691    0.0753910691
        151921       1    0.0753582252    0.0753582252
         84942       1    0.0752085671    0.0752085671
        145149       1    0.0752018864    0.0752018864
        122857       1    0.0750359535    0.0750359535
        163530       1    0.0747621258    0.0747621258
        142625       1    0.0747268119    0.0747268119
         68328       1    0.0747173258    0.0747173258
         80888       1    0.0746306229    0.0746306229
        120808       1    0.0746302933    0.0746302933
        144073       1    0.0746048643    0.0746048643
        158457       1    0.0745291961    0.0745291961
        165540       1    0.0744194019    0.0744194019
        170865       1    0.0743524863    0.0743524863
        140317       1    0.0742800567    0.0742800567
        154037       1    0.0742746695    0.0742746695
        106423       1    0.0742029349    0.0742029349
        118981       1    0.0740944615    0.0740944615
        146874       1    0.0740049319    0.0740049319
        167069       1    0.0739607697    0.0739607697
         77072       1    0.0739156623    0.0739156623
        133857       1    0.0738829802    0.0738829802
        144761       1    0.0738630624    0.0738630624
        127690       1    0.0736220116    0.0736220116
        113165       1    0.0734852739    0.0734852739
         73156       1    0.0733821222    0.0733821222
        163245       1    0.0731725295    0.0731725295
         72826       1    0.0731630588    0.0731630588
         96681       1    0.0730597434    0.0730597434
         72445       1    0.0729660956    0.0729660956
        149764       1    0.0729167351    0.0729167351
         69852       1    0.0729047453    0.0729047453
        160885       1    0.0728692805    0.0728692805
        154798       1    0.0728596993    0.0728596993
        134832       1    0.0728594909    0.0728594909
        109852       1    0.0728001197    0.0728001197
        163850       1    0.0726655619    0.0726655619
        171336       1    0.0725749510    0.0725749510
        109794       1    0.0724665977    0.0724665977
        118518       1    0.0724534824    0.0724534824
        163212       1    0.0724127316    0.0724127316
        143059       1    0.0723186164    0.0723186164
        125248       1    0.0723172323    0.0723172323
        161106       1    0.0722584128    0.0722584128
        170618       1    0.0722511302    0.0722511302
         67483       1    0.0722108456    0.0722108456
         99632       1    0.0720080008    0.0720080008
        115631       1    0.0719954789    0.0719954789
        134368       1    0.0718365073    0.0718365073
         91584       1    0.0716651115    0.0716651115
         72278       1    0.0714799054    0.0714799054
        121905       1    0.0714408999    0.0714408999
         79518       1    0.0714346096    0.0714346096
         81672       1    0.0714040399    0.0714040399
         76576       1    0.0710837046    0.0710837046
         78907       1    0.0710510896    0.0710510896
         74779       1    0.0709828609    0.0709828609
         79284       1    0.0709309303    0.0709309303
         71036       1    0.0708953767    0.0708953767
        164746       1    0.0706601173    0.0706601173
        101467       1    0.0706336311    0.0706336311
        100381       1    0.0705717398    0.0705717398
         93695       1    0.0705503201    0.0705503201
        123008       1    0.0705382483    0.0705382483
         74602       1    0.0705250331    0.0705250331
         93393       1    0.0705250331    0.0705250331
        145862       1    0.0705134273    0.0705134273
        100324       1    0.0703205778    0.0703205778
         93631       1    0.0702973557    0.0702973557
        111441       1    0.0702481240    0.0702481240
        130481       1    0.0702040636    0.0702040636
        161281       1    0.0701989639    0.0701989639
         67250       1    0.0701753199    0.0701753199
         79960       1    0.0699835289    0.0699835289
        134551       1    0.0699749150    0.0699749150
        154756       1    0.0699612683    0.0699612683
        134635       1    0.0698665210    0.0698665210
        119575       1    0.0697973924    0.0697973924
        172658       1    0.0697850912    0.0697850912
        169305       1    0.0697023094    0.0697023094
        169111       1    0.0696743345    0.0696743345
        169303       1    0.0695204938    0.0695204938
        142859       1    0.0692294240    0.0692294240
         86388       1    0.0691554433    0.0691554433
        169633       1    0.0691098317    0.0691098317
        149133       1    0.0690491575    0.0690491575
        129380       1    0.0689940062    0.0689940062
        163541       1    0.0689122964    0.0689122964
         77004       1    0.0686014025    0.0686014025
        116518       1    0.0684276901    0.0684276901
         83911       1    0.0683823810    0.0683823810
        170279       1    0.0683799013    0.0683799013
        137244       1    0.0680530044    0.0680530044
         78519       1    0.0679748721    0.0679748721
        101485       1    0.0676760779    0.0676760779
        135581       1    0.0676422818    0.0676422818
        170050       1    0.0675142313    0.0675142313
        100079       1    0.0674915284    0.0674915284
         84719       1    0.0673781633    0.0673781633
        147586       1    0.0673273230    0.0673273230
        144133       1    0.0672482910    0.0672482910
        130026       1    0.0672355625    0.0672355625
        113162       1    0.0668687409    0.0668687409
        119538       1    0.0668334332    0.0668334332
        113563       1    0.0665503022    0.0665503022
        137108       1    0.0664426443    0.0664426443
        170239       1    0.0664341067    0.0664341067
         74861       1    0.0662669909    0.0662669909
        123453       1    0.0661095480    0.0661095480
         85182       1    0.0660213679    0.0660213679
        130887       1    0.0658875704    0.0658875704
        170007       1    0.0658706899    0.0658706899
         85034       1    0.0658431896    0.0658431896
        156330       1    0.0657064538    0.0657064538
        139335       1    0.0656489960    0.0656489960
        170521       1    0.0653275028    0.0653275028
        115294       1    0.0652597618    0.0652597618
        172766       1    0.0652597618    0.0652597618
        139886       1    0.0651992180    0.0651992180
        128223       1    0.0650639964    0.0650639964
        152957       1    0.0650254692    0.0650254692
        112230       1    0.0649927148    0.0649927148
        144159       1    0.0649004698    0.0649004698
        164135       1    0.0647542035    0.0647542035
         96545       1    0.0646304696    0.0646304696
         77101       1    0.0646026489    0.0646026489
        143224       1    0.0644888381    0.0644888381
         78681       1    0.0642944529    0.0642944529
        107144       1    0.0642323959    0.0642323959
        163720       1    0.0642214751    0.0642214751
        114558       1    0.0640944952    0.0640944952
        169143       1    0.0639485518    0.0639485518
        104921       1    0.0637064124    0.0637064124
         98268       1    0.0636975299    0.0636975299
         68545       1    0.0636562736    0.0636562736
        102961       1    0.0635369861    0.0635369861
        168085       1    0.0634519368    0.0634519368
        147166       1    0.0632826841    0.0632826841
         75860       1    0.0632779056    0.0632779056
        161273       1    0.0632119519    0.0632119519
        133044       1    0.0630716447    0.0630716447
        112880       1    0.0630365419    0.0630365419
        166692       1    0.0629763481    0.0629763481
         71408       1    0.0627314399    0.0627314399
         76716       1    0.0627055954    0.0627055954
        127878       1    0.0626616249    0.0626616249
        166615       1    0.0626609761    0.0626609761
        104601       1    0.0626329240    0.0626329240
        154397       1    0.0625590543    0.0625590543
        126500       1    0.0624586874    0.0624586874
        116282       1    0.0623304894    0.0623304894
        107956       1    0.0622790597    0.0622790597
        102278       1    0.0621920553    0.0621920553
         94458       1    0.0621248794    0.0621248794
        107200       1    0.0620676251    0.0620676251
         72000       1    0.0620624993    0.0620624993
        140542       1    0.0620548397    0.0620548397
        165466       1    0.0620150183    0.0620150183
        164881       1    0.0619050935    0.0619050935
        116664       1    0.0618855641    0.0618855641
        161570       1    0.0618604471    0.0618604471
         96420       1    0.0617319956    0.0617319956
        119377       1    0.0616493970    0.0616493970
         87367       1    0.0616281754    0.0616281754
        170722       1    0.0615089953    0.0615089953
        155977       1    0.0615057672    0.0615057672
         96937       1    0.0614583734    0.0614583734
        135955       1    0.0614052231    0.0614052231
        172278       1    0.0613785529    0.0613785529
        120528       1    0.0613151167    0.0613151167
        122143       1    0.0612854104    0.0612854104
         71171       1    0.0612666768    0.0612666768
        172882       1    0.0611905495    0.0611905495
        170040       1    0.0611416655    0.0611416655
        158271       1    0.0610523494    0.0610523494
        137089       1    0.0610337967    0.0610337967
        164894       1    0.0609430685    0.0609430685
        118142       1    0.0609135425    0.0609135425
         75791       1    0.0607799229    0.0607799229
         84306       1    0.0607737991    0.0607737991
        161145       1    0.0606696546    0.0606696546
        149782       1    0.0606657366    0.0606657366
        160658       1    0.0605877821    0.0605877821
         74209       1    0.0605285737    0.0605285737
         81541       1    0.0604726928    0.0604726928
        146469       1    0.0604590635    0.0604590635
         95441       1    0.0603631621    0.0603631621
        155797       1    0.0603273457    0.0603273457
        111492       1    0.0603007308    0.0603007308
        103762       1    0.0602696207    0.0602696207
        100634       1    0.0602480563    0.0602480563
        159550       1    0.0601006118    0.0601006118
        168954       1    0.0598501486    0.0598501486
         96554       1    0.0597374176    0.0597374176
         76446       1    0.0596290258    0.0596290258
        154207       1    0.0596003802    0.0596003802
        156388       1    0.0594536719    0.0594536719
        171429       1    0.0593923198    0.0593923198
        103699       1    0.0593742707    0.0593742707
         97171       1    0.0592853001    0.0592853001
        107137       1    0.0592086208    0.0592086208
        112262       1    0.0591278271    0.0591278271
        118190       1    0.0591000296    0.0591000296
         69400       1    0.0590718885    0.0590718885
        118998       1    0.0590496886    0.0590496886
        150118       1    0.0588992811    0.0588992811
        167999       1    0.0585182099    0.0585182099
        158692       1    0.0581569605    0.0581569605
         71218       1    0.0576941154    0.0576941154
        124546       1    0.0575944957    0.0575944957
        171654       1    0.0574694164    0.0574694164
        168581       1    0.0574509060    0.0574509060
        119174       1    0.0574079318    0.0574079318
        171973       1    0.0573283629    0.0573283629
        156397       1    0.0572488619    0.0572488619
        100712       1    0.0572089278    0.0572089278
        161704       1    0.0572057366    0.0572057366
        171709       1    0.0571371865    0.0571371865
        149100       1    0.0570107758    0.0570107758
        160977       1    0.0570079899    0.0570079899
        108118       1    0.0567042008    0.0567042008
        143701       1    0.0566919476    0.0566919476
        138370       1    0.0564876199    0.0564876199
        170430       1    0.0563434569    0.0563434569
         66192       1    0.0562267701    0.0562267701
         82552       1    0.0561325291    0.0561325291
        155531       1    0.0559717999    0.0559717999
         84952       1    0.0558845749    0.0558845749
        105204       1    0.0558540821    0.0558540821
        141279       1    0.0557198213    0.0557198213
        170455       1    0.0552634034    0.0552634034
        114701       1    0.0552105874    0.0552105874
        172657       1    0.0547458002    0.0547458002
         87175       1    0.0547089333    0.0547089333
        129359       1    0.0545774028    0.0545774028
        165043       1    0.0537352318    0.0537352318
        100382       1    0.0536625932    0.0536625932
        171534       1    0.0533902929    0.0533902929
        141039       1    0.0533843368    0.0533843368
        148666       1    0.0530870118    0.0530870118
        168058       1    0.0530425517    0.0530425517
        155830       1    0.0529932231    0.0529932231
        135636       1    0.0528259575    0.0528259575
        104933       1    0.0526992254    0.0526992254
        133379       1    0.0526910901    0.0526910901
        110364       1    0.0523663111    0.0523663111
        113943       1    0.0523298572    0.0523298572
        172661       1    0.0522297908    0.0522297908
        170235       1    0.0521115636    0.0521115636
        140743       1    0.0514997198    0.0514997198
        161614       1    0.0514834566    0.0514834566
        110852       1    0.0514508117    0.0514508117
         77978       1    0.0513473801    0.0513473801
        128360       1    0.0511784312    0.0511784312
        136586       1    0.0510511878    0.0510511878
        137331       1    0.0505315187    0.0505315187
        171887       1    0.0502646208    0.0502646208
        173016       1    0.0501074459    0.0501074459
        158199       1    0.0500162499    0.0500162499
        140941       1    0.0498085737    0.0498085737
        143417       1    0.0497572310    0.0497572310
        122894       1    0.0494992231    0.0494992231
        172895       1    0.0494441908    0.0494441908
        138486       1    0.0490599197    0.0490599197
         78013       1    0.0490454634    0.0490454634
        159509       1    0.0490325689    0.0490325689
         92731       1    0.0490167283    0.0490167283
        101264       1    0.0487151330    0.0487151330
        161317       1    0.0486973269    0.0486973269
         87892       1    0.0486723554    0.0486723554
        168542       1    0.0486205634    0.0486205634
         74551       1    0.0485870143    0.0485870143
         68521       1    0.0484405648    0.0484405648
         76659       1    0.0483435677    0.0483435677
        169691       1    0.0483216465    0.0483216465
         71726       1    0.0482665814    0.0482665814
        153926       1    0.0482209871    0.0482209871
         72183       1    0.0475044876    0.0475044876
        137537       1    0.0473029580    0.0473029580
        169656       1    0.0471685767    0.0471685767
        121557       1    0.0468344958    0.0468344958
         78952       1    0.0465826820    0.0465826820
        171697       1    0.0465765376    0.0465765376
        112817       1    0.0463925912    0.0463925912
        156781       1    0.0463560394    0.0463560394
        114668       1    0.0458032978    0.0458032978
         89495       1    0.0454060047    0.0454060047
         79735       1    0.0447248883    0.0447248883
        169184       1    0.0445607134    0.0445607134
        171126       1    0.0442499304    0.0442499304
         68687       1    0.0441571379    0.0441571379
        171475       1    0.0441136211    0.0441136211
         70732       1    0.0430028901    0.0430028901
         83373       1    0.0423696456    0.0423696456
        157840       1    0.0422231596    0.0422231596
        139585       1    0.0419885828    0.0419885828
         87785       1    0.0418235922    0.0418235922
        170277       1    0.0412876095    0.0412876095
        150069       1    0.0411608285    0.0411608285
         94410       1    0.0410395122    0.0410395122
        171010       1    0.0408465266    0.0408465266
         99514       1    0.0394978261    0.0394978261
        170141       1    0.0391440038    0.0391440038
        169946       1    0.0390616749    0.0390616749
        114486       1    0.0387835222    0.0387835222
        171603       1    0.0387595972    0.0387595972
         67968       1    0.0387198407    0.0387198407
        163872       1    0.0386471853    0.0386471853
        163463       1    0.0382444686    0.0382444686
        132435       1    0.0378223501    0.0378223501
        124368       1    0.0376554318    0.0376554318
        132362       1    0.0371465927    0.0371465927
        160281       1    0.0368340262    0.0368340262
        169025       1    0.0363264557    0.0363264557
        172367       1    0.0360397468    0.0360397468
        169542       1    0.0358975944    0.0358975944
        170620       1    0.0356907455    0.0356907455
         77199       1    0.0352687396    0.0352687396
         96514       1    0.0341292606    0.0341292606
        106097       1    0.0339833413    0.0339833413
        141213       1    0.0338058359    0.0338058359
        153021       1    0.0335389364    0.0335389364
        105101       1    0.0328964561    0.0328964561
        101019       1    0.0322263975    0.0322263975
        169871       1    0.0322236980    0.0322236980
        142994       1    0.0305556143    0.0305556143
        171527       1    0.0300814491    0.0300814491
        127544       1    0.0295757664    0.0295757664
        172796       1    0.0291082785    0.0291082785
         85327       1    0.0289385183    0.0289385183
        127272       1    0.0287907079    0.0287907079
        172733       1    0.0286481066    0.0286481066
         77385       1    0.0285646686    0.0285646686
        172970       1    0.0284642686    0.0284642686
        117927       1    0.0282427090    0.0282427090
         99729       1    0.0277697438    0.0277697438
        168999       1    0.0255228292    0.0255228292
        154839       1    0.0254634420    0.0254634420
        173132       1    0.0242246235    0.0242246235
        170766       1    0.0239805723    0.0239805723
        169179       1    0.0230912460    0.0230912460
         71198       1    0.0226159148    0.0226159148
        171389       1    0.0205024566    0.0205024566
        158950       1    0.0201331949    0.0201331949
        170870       1    0.0192603999    0.0192603999
        154688       1    0.0190226411    0.0190226411
        146808       1    0.0188688352    0.0188688352
         95208       1    0.0182434389    0.0182434389
         92447       1    0.0168679831    0.0168679831
        160722       1    0.0164955954    0.0164955954
         85128       1    0.0154119238    0.0154119238
         95544       1    0.0150479109    0.0150479109
        171138       1    0.0147277713    0.0147277713
        160109       1    0.0126193878    0.0126193878
        143219       1    0.0124413424    0.0124413424
        171316       1    0.0092838522    0.0092838522
        169754       1    0.0081107065    0.0081107065
        172135       1    0.0043250024    0.0043250024
        166720       1   -0.0082651499   -0.0082651499
        155780       1   -0.0083679023   -0.0083679023
        150745       1   -0.0131287179   -0.0131287179
         98344       1   -0.0180321732   -0.0180321732

